0.6629019975662231
0.6462737321853638
0.630561113357544
0.6100544333457947
0.5834284424781799
0.5473920106887817
0.4915550649166107
0.4082167148590088
0.27554282546043396
0.17873038351535797
0.0933009460568428
0.13090068101882935
0.03356972709298134
0.02390068583190441
0.02301323413848877
0.015854518860578537
0.0904843807220459
0.008757824078202248
0.009844188578426838
0.005518956109881401
0.009420053102076054
0.00861357431858778
0.020606206730008125
0.006995581556111574
0.06500573456287384
0.010291865095496178
0.00444612093269825
0.1612098217010498
0.004287880379706621
0.1377628594636917
0.0029239447321742773
0.0027696522884070873
0.005476006306707859
0.007425310555845499
0.18738381564617157
0.003179199295118451
0.10120603442192078
0.004059952218085527
0.003988896030932665
0.07079656422138214
0.13282157480716705
0.006836360786110163
0.1413031369447708
0.0037264435086399317
0.002288499381393194
0.005266731604933739
0.09337747097015381
0.0034265972208231688
0.00432635098695755
0.052321139723062515
0.005051229614764452
0.00572229316458106
0.0036853868514299393
0.0036268928088247776
0.07404083013534546
0.0060469298623502254
0.13391466438770294
0.003944849129766226
