0.7229937314987183
0.7239646911621094
0.7243291735649109
0.7216001749038696
0.7246549129486084
0.7219046354293823
0.7226356267929077
0.7223222255706787
0.7215365767478943
0.7222318053245544
0.7195276618003845
0.7229835391044617
0.7221565842628479
0.7203773260116577
0.7221408486366272
0.7192553281784058
0.7227433919906616
0.7181153893470764
0.7207779288291931
0.720072865486145
0.7206485867500305
0.7200385332107544
0.7165104746818542
0.7205283045768738
0.7179772257804871
0.7156060934066772
0.7196687459945679
0.7178561091423035
0.7175445556640625
0.7120668292045593
0.713704526424408
0.7130460739135742
0.716930627822876
0.7164208889007568
0.7169775366783142
0.7126829624176025
0.7132411003112793
0.7132900357246399
0.7167379260063171
0.7121942043304443
0.7097550630569458
0.7134031653404236
0.7107173204421997
0.7070813775062561
0.70428067445755
0.7114400267601013
0.7044669389724731
0.7056534290313721
0.7029618620872498
0.697841227054596
0.6994110345840454
0.6995537281036377
0.6981831192970276
0.7077510356903076
0.6952014565467834
0.7048016786575317
0.6841689348220825
0.7058148384094238
0.6939709782600403
0.6914551258087158
0.7050195336341858
0.6943560242652893
0.6872224807739258
0.6903004050254822
0.6807457208633423
0.6849244236946106
0.6941975355148315
0.6924225687980652
0.6831734776496887
0.6823471784591675
0.6750848293304443
0.6814458966255188
0.6826559901237488
0.678372323513031
0.6677419543266296
0.6742501258850098
0.6689824461936951
0.6690555214881897
0.6679566502571106
0.67279052734375
0.6623976826667786
0.6625160574913025
0.6679337620735168
0.6586734652519226
0.6612973809242249
0.6588425636291504
0.6546140313148499
0.6610424518585205
0.6589065194129944
0.6581091284751892
0.651371419429779
0.6530952453613281
0.6467726826667786
0.6432193517684937
0.6459770798683167
0.641547679901123
0.6382110118865967
0.6341749429702759
0.6370612382888794
0.6401219367980957
0.6443471908569336
0.631804347038269
0.6269540786743164
0.6239923238754272
0.6211603283882141
0.6197394728660583
0.6211574077606201
0.6154561042785645
0.6112001538276672
0.6084850430488586
0.613544762134552
0.6119978427886963
0.6192576289176941
0.6182770133018494
0.6008347868919373
0.6132830381393433
0.5995099544525146
0.5878317952156067
0.5987206101417542
0.5916330814361572
0.5980645418167114
0.5791090130805969
0.5731038451194763
0.5794734358787537
0.5823783278465271
0.5713005661964417
0.5670058131217957
0.5673782825469971
0.5578455328941345
0.5735158920288086
0.5613436698913574
0.5604972243309021
0.5481942892074585
0.5515725016593933
0.5367909073829651
0.5432236790657043
0.5395582914352417
0.5394824743270874
0.548803448677063
0.5301015377044678
0.5330934524536133
0.5356022715568542
0.515620231628418
0.5093616843223572
0.5085029602050781
0.5213836431503296
0.49533459544181824
0.5078942775726318
0.48507609963417053
0.4908457398414612
0.48573973774909973
0.48490649461746216
0.4969804883003235
0.48149991035461426
0.4725569486618042
0.44317004084587097
0.4598034918308258
0.44091174006462097
0.44563746452331543
0.453757643699646
0.4371336102485657
0.45147934556007385
0.427461713552475
0.4315513074398041
0.44848963618278503
0.44331595301628113
0.41171491146087646
0.4648650586605072
0.41272351145744324
0.44392865896224976
0.4540126621723175
